{
 "cells": [
  {
   "cell_type": "markdown",
   "metadata": {},
   "source": [
    "# Softmax exercise\n",
    "\n",
    "*Complete and hand in this completed worksheet (including its outputs and any supporting code outside of the worksheet) with your assignment submission. For more details see the [assignments page](http://vision.stanford.edu/teaching/cs231n/assignments.html) on the course website.*\n",
    "\n",
    "This exercise is analogous to the SVM exercise. You will:\n",
    "\n",
    "- implement a fully-vectorized **loss function** for the Softmax classifier\n",
    "- implement the fully-vectorized expression for its **analytic gradient**\n",
    "- **check your implementation** with numerical gradient\n",
    "- use a validation set to **tune the learning rate and regularization** strength\n",
    "- **optimize** the loss function with **SGD**\n",
    "- **visualize** the final learned weights\n"
   ]
  },
  {
   "cell_type": "code",
   "execution_count": 3,
   "metadata": {},
   "outputs": [
    {
     "name": "stdout",
     "output_type": "stream",
     "text": [
      "Train data shape:  (49000, 3073)\n",
      "Train labels shape:  (49000,)\n",
      "Validation data shape:  (1000, 3073)\n",
      "Validation labels shape:  (1000,)\n",
      "Test data shape:  (1000, 3073)\n",
      "Test labels shape:  (1000,)\n",
      "dev data shape:  (500, 3073)\n",
      "dev labels shape:  (500,)\n"
     ]
    }
   ],
   "source": [
    "def get_CIFAR10_data(num_training=49000, num_validation=1000, num_test=1000, num_dev=500):\n",
    "    \"\"\"\n",
    "    Load the CIFAR-10 dataset from disk and perform preprocessing to prepare\n",
    "    it for the linear classifier. These are the same steps as we used for the\n",
    "    SVM, but condensed to a single function.  \n",
    "    \"\"\"\n",
    "    # Load the raw CIFAR-10 data\n",
    "    cifar10_dir = 'cs231n/datasets/cifar-10-batches-py'\n",
    "    \n",
    "    X_train, y_train, X_test, y_test = load_CIFAR10(cifar10_dir)\n",
    "    \n",
    "    # subsample the data\n",
    "    mask = list(range(num_training, num_training + num_validation))\n",
    "    X_val = X_train[mask]\n",
    "    y_val = y_train[mask]\n",
    "    mask = list(range(num_training))\n",
    "    X_train = X_train[mask]\n",
    "    y_train = y_train[mask]\n",
    "    mask = list(range(num_test))\n",
    "    X_test = X_test[mask]\n",
    "    y_test = y_test[mask]\n",
    "    mask = np.random.choice(num_training, num_dev, replace=False)\n",
    "    X_dev = X_train[mask]\n",
    "    y_dev = y_train[mask]\n",
    "    \n",
    "    # Preprocessing: reshape the image data into rows\n",
    "    X_train = np.reshape(X_train, (X_train.shape[0], -1))\n",
    "    X_val = np.reshape(X_val, (X_val.shape[0], -1))\n",
    "    X_test = np.reshape(X_test, (X_test.shape[0], -1))\n",
    "    X_dev = np.reshape(X_dev, (X_dev.shape[0], -1))\n",
    "    \n",
    "    # Normalize the data: subtract the mean image\n",
    "    mean_image = np.mean(X_train, axis = 0)\n",
    "    X_train -= mean_image\n",
    "    X_val -= mean_image\n",
    "    X_test -= mean_image\n",
    "    X_dev -= mean_image\n",
    "    \n",
    "    # add bias dimension and transform into columns\n",
    "    X_train = np.hstack([X_train, np.ones((X_train.shape[0], 1))])\n",
    "    X_val = np.hstack([X_val, np.ones((X_val.shape[0], 1))])\n",
    "    X_test = np.hstack([X_test, np.ones((X_test.shape[0], 1))])\n",
    "    X_dev = np.hstack([X_dev, np.ones((X_dev.shape[0], 1))])\n",
    "    \n",
    "    return X_train, y_train, X_val, y_val, X_test, y_test, X_dev, y_dev\n",
    "\n",
    "\n",
    "# Cleaning up variables to prevent loading data multiple times (which may cause memory issue)\n",
    "try:\n",
    "   del X_train, y_train\n",
    "   del X_test, y_test\n",
    "   print('Clear previously loaded data.')\n",
    "except:\n",
    "   pass\n",
    "\n",
    "# Invoke the above function to get our data.\n",
    "X_train, y_train, X_val, y_val, X_test, y_test, X_dev, y_dev = get_CIFAR10_data()\n",
    "print('Train data shape: ', X_train.shape)\n",
    "print('Train labels shape: ', y_train.shape)\n",
    "print('Validation data shape: ', X_val.shape)\n",
    "print('Validation labels shape: ', y_val.shape)\n",
    "print('Test data shape: ', X_test.shape)\n",
    "print('Test labels shape: ', y_test.shape)\n",
    "print('dev data shape: ', X_dev.shape)\n",
    "print('dev labels shape: ', y_dev.shape)"
   ]
  },
  {
   "cell_type": "code",
   "execution_count": 2,
   "metadata": {},
   "outputs": [],
   "source": [
    "from __future__ import print_function\n",
    "import random\n",
    "import numpy as np\n",
    "from cs231n.data_utils import load_CIFAR10\n",
    "import matplotlib.pyplot as plt\n",
    "\n",
    "\n",
    "%matplotlib inline\n",
    "plt.rcParams['figure.figsize'] = (10.0, 8.0) # set default size of plots\n",
    "plt.rcParams['image.interpolation'] = 'nearest'\n",
    "plt.rcParams['image.cmap'] = 'gray'\n",
    "\n",
    "# for auto-reloading extenrnal modules\n",
    "# see http://stackoverflow.com/questions/1907993/autoreload-of-modules-in-ipython\n",
    "%load_ext autoreload\n",
    "%autoreload 2"
   ]
  },
  {
   "cell_type": "markdown",
   "metadata": {},
   "source": [
    "## Softmax Classifier\n",
    "\n",
    "Your code for this section will all be written inside **cs231n/classifiers/softmax.py**. \n"
   ]
  },
  {
   "cell_type": "code",
   "execution_count": 18,
   "metadata": {},
   "outputs": [
    {
     "name": "stdout",
     "output_type": "stream",
     "text": [
      "[0.05339572 0.11328112 0.16293002 0.08250906 0.10325144 0.05562836\n",
      " 0.04808378 0.13231388 0.10663806 0.14196856]\n",
      "[0.04840416 0.0797839  0.08611935 0.08319628 0.03319005 0.1141599\n",
      " 0.19335931 0.05341875 0.18362714 0.12474116]\n",
      "[0.19127274 0.08727548 0.05987879 0.1344308  0.10541442 0.10654608\n",
      " 0.0272677  0.08929977 0.14642097 0.05219325]\n",
      "[0.04315113 0.14763569 0.14183426 0.01976169 0.08038893 0.11541452\n",
      " 0.17841003 0.06093872 0.10751664 0.1049484 ]\n",
      "[0.08371623 0.08716419 0.11099631 0.13987386 0.1345147  0.08093202\n",
      " 0.06039378 0.13115238 0.08943165 0.08182488]\n",
      "[0.1083818  0.07504497 0.0797461  0.1581964  0.06438553 0.1048611\n",
      " 0.11289331 0.05207144 0.14866018 0.09575917]\n",
      "[0.0714437  0.11601659 0.07497255 0.06896743 0.12233234 0.04752395\n",
      " 0.2119963  0.09731526 0.07622078 0.1132111 ]\n",
      "[0.07511697 0.14485506 0.13763302 0.05651104 0.08565458 0.08505115\n",
      " 0.09786713 0.123177   0.07883566 0.1152984 ]\n",
      "[0.07337169 0.07766242 0.09753974 0.08379647 0.14486923 0.09272715\n",
      " 0.10509142 0.11969167 0.10115789 0.10409232]\n",
      "[0.1191654  0.10307969 0.08079494 0.08724775 0.06496118 0.09381611\n",
      " 0.12417609 0.09922781 0.13124705 0.09628396]\n",
      "[0.11064465 0.17423437 0.0640148  0.05280893 0.0588336  0.10297877\n",
      " 0.16977566 0.04280436 0.10684375 0.11706112]\n",
      "[0.10294935 0.09579162 0.07094516 0.06203055 0.05607402 0.14252792\n",
      " 0.14839734 0.06517174 0.1244658  0.13164649]\n",
      "[0.06669732 0.10978875 0.09680247 0.06179968 0.13939766 0.04136202\n",
      " 0.12333917 0.11718509 0.0972071  0.14642075]\n",
      "[0.07315982 0.07794608 0.16156884 0.09034196 0.10219236 0.16204595\n",
      " 0.03678025 0.10441147 0.08602471 0.10552858]\n",
      "[0.08642306 0.10846905 0.11087832 0.08836841 0.0762029  0.14009445\n",
      " 0.08748264 0.10522631 0.11475294 0.08210192]\n",
      "[0.13657156 0.11050584 0.10112151 0.09805999 0.05701936 0.13331673\n",
      " 0.08207101 0.05526907 0.12589414 0.1001708 ]\n",
      "[0.14888725 0.12222905 0.10899811 0.07222723 0.06908324 0.10100741\n",
      " 0.07474159 0.04886053 0.13525616 0.11870943]\n",
      "[0.13465831 0.10665458 0.10609916 0.16276503 0.09599639 0.0570615\n",
      " 0.07718294 0.08204789 0.09129567 0.08623853]\n",
      "[0.07364699 0.11504681 0.10435458 0.05753768 0.11470885 0.10880959\n",
      " 0.10625473 0.07290408 0.08421726 0.16251943]\n",
      "[0.05945673 0.07776814 0.12683302 0.03771492 0.09915139 0.08903618\n",
      " 0.22259861 0.05417157 0.09179924 0.1414702 ]\n",
      "[0.16152085 0.0865026  0.08303172 0.14542465 0.08700606 0.10025019\n",
      " 0.04205917 0.10481456 0.13125049 0.0581397 ]\n",
      "[0.05273184 0.07338604 0.09189675 0.09715851 0.08245032 0.08697004\n",
      " 0.25403627 0.04974245 0.09758302 0.11404476]\n",
      "[0.08220284 0.09663304 0.08461841 0.13635881 0.12406839 0.05251783\n",
      " 0.09956787 0.103444   0.1079622  0.1126266 ]\n",
      "[0.04665196 0.10456963 0.04985235 0.03378839 0.14540691 0.1194567\n",
      " 0.09104939 0.14630706 0.09400723 0.16891036]\n",
      "[0.11251695 0.04982642 0.10173533 0.16569194 0.13386384 0.10752529\n",
      " 0.09451805 0.06411265 0.12000381 0.05020571]\n",
      "[0.11796946 0.12591047 0.05953436 0.09442559 0.08860411 0.09085652\n",
      " 0.14621989 0.10122831 0.10375498 0.07149632]\n",
      "[0.08365254 0.11151349 0.12223928 0.10293224 0.08626132 0.09715138\n",
      " 0.08242029 0.10651323 0.07313756 0.13417868]\n",
      "[0.12679664 0.0657783  0.09493105 0.17793719 0.06417694 0.12250471\n",
      " 0.06597306 0.04722409 0.18141747 0.05326055]\n",
      "[0.115448   0.13304086 0.10235178 0.11638669 0.05878776 0.09639127\n",
      " 0.10276792 0.07435035 0.09596963 0.10450573]\n",
      "[0.10612872 0.06912563 0.0960381  0.1478569  0.11336067 0.10136107\n",
      " 0.07116209 0.09829912 0.13767908 0.05898861]\n",
      "[0.04661507 0.06787172 0.11943859 0.04970917 0.10334457 0.08106101\n",
      " 0.12500102 0.09934053 0.08303444 0.22458387]\n",
      "[0.17512398 0.06614342 0.08030605 0.14841361 0.09661711 0.12194605\n",
      " 0.06518431 0.0807662  0.10106634 0.06443293]\n",
      "[0.09950781 0.10404045 0.08513838 0.07817294 0.14419723 0.08079197\n",
      " 0.08371784 0.12274745 0.07870563 0.12298029]\n",
      "[0.04149138 0.0622655  0.08519983 0.0789953  0.17940329 0.05919631\n",
      " 0.06261151 0.15962487 0.06887711 0.20233488]\n",
      "[0.08011144 0.09884931 0.08777786 0.05938643 0.08502693 0.07440108\n",
      " 0.13854922 0.12469032 0.0957644  0.15544301]\n",
      "[0.06432393 0.07555553 0.07888071 0.0798617  0.0540324  0.07984943\n",
      " 0.22783034 0.04783584 0.145135   0.14669511]\n",
      "[0.0755601  0.08930148 0.12155036 0.10128826 0.1098981  0.08813042\n",
      " 0.15649059 0.09495427 0.08596152 0.0768649 ]\n",
      "[0.03239089 0.10832532 0.13867639 0.07116039 0.15153545 0.06615431\n",
      " 0.11977355 0.12513407 0.03773746 0.14911217]\n",
      "[0.09140644 0.10545738 0.0987064  0.07375439 0.12108604 0.08853768\n",
      " 0.08403882 0.10062262 0.10448196 0.13190828]\n",
      "[0.19972986 0.10284846 0.05053154 0.18335064 0.10142253 0.08144438\n",
      " 0.09712564 0.07926592 0.0688404  0.03544062]\n",
      "[0.07619512 0.11294738 0.07140149 0.07111858 0.19623386 0.04392585\n",
      " 0.13360464 0.10088867 0.06632594 0.12735846]\n",
      "[0.11747788 0.10070827 0.08375099 0.1459295  0.08045289 0.11577906\n",
      " 0.06091268 0.09986    0.12208797 0.07304075]\n",
      "[0.0815758  0.10109948 0.10359711 0.06629695 0.09339255 0.15904397\n",
      " 0.0879529  0.11784565 0.07488597 0.1143096 ]\n",
      "[0.07492383 0.09519912 0.07171053 0.07092245 0.11797459 0.10262827\n",
      " 0.12552358 0.11417132 0.08104162 0.14590469]\n",
      "[0.1282414  0.07516217 0.09552929 0.14589718 0.0872133  0.13603845\n",
      " 0.05486867 0.11867449 0.10168202 0.05669301]\n",
      "[0.0504444  0.14517524 0.10479558 0.04295817 0.11646081 0.07539801\n",
      " 0.13748379 0.06459171 0.08065634 0.18203595]\n",
      "[0.2055764  0.0566294  0.07655511 0.13550215 0.06070861 0.13003867\n",
      " 0.10264437 0.05340011 0.12122863 0.05771654]\n",
      "[0.06922696 0.09153932 0.12327274 0.08517235 0.15980038 0.06012568\n",
      " 0.07773189 0.08555586 0.05397736 0.19359747]\n",
      "[0.11967356 0.11450502 0.04691473 0.17728323 0.10001318 0.09555281\n",
      " 0.0906421  0.09063975 0.10723908 0.05753654]\n",
      "[0.05272032 0.06975177 0.08206207 0.0755469  0.13469329 0.05247414\n",
      " 0.19569942 0.10022562 0.07908735 0.15773911]\n",
      "[0.19059859 0.08035891 0.07297421 0.0845446  0.1113901  0.09403029\n",
      " 0.0688761  0.07928888 0.14969973 0.06823859]\n",
      "[0.09789801 0.10555276 0.08851269 0.11631466 0.12901508 0.06063757\n",
      " 0.1963645  0.0648091  0.0800891  0.06080653]\n",
      "[0.10096011 0.12539341 0.0969189  0.10562657 0.1048517  0.07515833\n",
      " 0.07004644 0.12650398 0.08201135 0.11252922]\n",
      "[0.14375591 0.06670195 0.0791797  0.03324459 0.0879889  0.07705992\n",
      " 0.2892717  0.0551943  0.10643812 0.06116491]\n",
      "[0.16006444 0.09968061 0.09384201 0.10008332 0.07446091 0.13084723\n",
      " 0.06221742 0.10330268 0.11501554 0.06048583]\n",
      "[0.11950545 0.07890585 0.12630636 0.07463064 0.08439884 0.12123328\n",
      " 0.06755383 0.1561625  0.09003918 0.08126407]\n",
      "[0.04898897 0.05929882 0.11298161 0.07932861 0.11081572 0.1448756\n",
      " 0.07433366 0.06694756 0.13683031 0.16559914]\n",
      "[0.18895253 0.0542131  0.07897349 0.15552211 0.05428842 0.08755648\n",
      " 0.0894618  0.05687107 0.16448236 0.06967865]\n",
      "[0.10121762 0.06586815 0.08261639 0.14556256 0.09200561 0.09682022\n",
      " 0.13417994 0.15217817 0.08441295 0.04513839]\n",
      "[0.21332761 0.07843935 0.05515613 0.0987831  0.1013603  0.1330956\n",
      " 0.09118336 0.10564298 0.0851918  0.0378198 ]\n",
      "[0.13092408 0.08351616 0.08871529 0.07157813 0.08878961 0.142152\n",
      " 0.12968535 0.06278846 0.10736966 0.09448124]\n",
      "[0.126561   0.06609895 0.0799224  0.11112011 0.08323984 0.15619632\n",
      " 0.0919698  0.06752493 0.15135403 0.0660126 ]\n",
      "[0.15137671 0.10566152 0.08394697 0.13209447 0.0529963  0.11059126\n",
      " 0.06793662 0.04843236 0.14212129 0.1048425 ]\n",
      "[0.14825853 0.11284646 0.102726   0.09428831 0.06946337 0.14174186\n",
      " 0.03552133 0.11096737 0.12025734 0.06392942]\n",
      "[0.11035214 0.08652528 0.09597356 0.18816318 0.13930474 0.05864853\n",
      " 0.04041253 0.12134041 0.06280866 0.09647097]\n",
      "[0.13306915 0.05110846 0.07079005 0.09737628 0.05519123 0.15312729\n",
      " 0.09403108 0.05230051 0.21091213 0.08209383]\n",
      "[0.15084703 0.06004999 0.05158958 0.09643776 0.06321257 0.17168728\n",
      " 0.14443969 0.05467091 0.13125248 0.07581271]\n",
      "[0.13494213 0.10478657 0.08787821 0.12306103 0.08566598 0.120925\n",
      " 0.08100414 0.10596583 0.08675357 0.06901753]\n",
      "[0.18597344 0.09026103 0.07405062 0.10557153 0.06785483 0.11421154\n",
      " 0.0630815  0.07370046 0.11538816 0.10990689]\n",
      "[0.06119922 0.05542114 0.07779074 0.05997539 0.05201865 0.17739148\n",
      " 0.18153764 0.06909894 0.09269339 0.17287341]\n",
      "[0.06192588 0.08392408 0.11159384 0.14296087 0.15264256 0.08261199\n",
      " 0.13569727 0.10701646 0.04692851 0.07469854]\n",
      "[0.09658664 0.10894825 0.10035865 0.07995607 0.04412544 0.15276888\n",
      " 0.1792402  0.06284754 0.11609013 0.05907821]\n",
      "[0.10808748 0.0977193  0.08613937 0.10331135 0.1167727  0.09495288\n",
      " 0.05690991 0.15750702 0.06971399 0.10888601]\n",
      "[0.05129215 0.07518148 0.09129316 0.19941806 0.10730707 0.1174429\n",
      " 0.05502189 0.15917598 0.06820118 0.07566613]\n",
      "[0.10957724 0.08099615 0.07814107 0.08940711 0.11891301 0.07647075\n",
      " 0.15545923 0.08230869 0.12892301 0.07980374]\n",
      "[0.15488421 0.09898312 0.11190346 0.085219   0.07901493 0.06701183\n",
      " 0.07062364 0.09782157 0.15361785 0.08092036]\n",
      "[0.06362998 0.08984127 0.07603818 0.19320843 0.11366002 0.06849017\n",
      " 0.05649155 0.11250011 0.07811524 0.14802505]\n",
      "[0.12662976 0.07584541 0.07875318 0.09734    0.10532689 0.10915271\n",
      " 0.10726422 0.10394174 0.10835127 0.08739482]\n",
      "[0.10813334 0.12365355 0.09113317 0.07321636 0.09099031 0.07779253\n",
      " 0.15761233 0.0671687  0.12137719 0.08892252]\n",
      "[0.12625045 0.08878412 0.10223137 0.07472723 0.0619431  0.19259539\n",
      " 0.09232731 0.08865404 0.09764929 0.07483771]\n",
      "[0.08009437 0.09958243 0.09962022 0.06474216 0.10023528 0.0934693\n",
      " 0.17219905 0.07262303 0.10199123 0.11544292]\n",
      "[0.08821064 0.07121682 0.09310807 0.17151043 0.12561547 0.07841151\n",
      " 0.10911908 0.09044776 0.07329972 0.0990605 ]\n",
      "[0.13768799 0.07209049 0.08263089 0.07414558 0.06242198 0.23969317\n",
      " 0.06319597 0.07863986 0.09528657 0.09420749]\n",
      "[0.1312828  0.09159614 0.07988676 0.14967427 0.1138144  0.07904515\n",
      " 0.10330843 0.07311647 0.09800372 0.08027186]\n",
      "[0.0846029  0.05814005 0.11556423 0.30896335 0.08102366 0.0661637\n",
      " 0.04736684 0.11044805 0.0732752  0.05445201]\n",
      "[0.02120482 0.14235946 0.11893845 0.05512803 0.1510347  0.05042344\n",
      " 0.11789377 0.14037479 0.03908166 0.16356089]\n",
      "[0.03248726 0.09400424 0.06459594 0.04117519 0.13080188 0.04050423\n",
      " 0.2495194  0.07139472 0.07074567 0.20477146]\n",
      "[0.11040635 0.05134214 0.0699019  0.18464216 0.12927496 0.0915233\n",
      " 0.11522059 0.07829226 0.08246775 0.08692859]\n",
      "[0.10022392 0.12450834 0.08595293 0.08375353 0.06114712 0.122704\n",
      " 0.18543712 0.0697333  0.08611852 0.08042122]\n",
      "[0.05252202 0.07497018 0.08475501 0.06850611 0.11912041 0.06742286\n",
      " 0.21829088 0.07461655 0.09282119 0.14697481]\n",
      "[0.06219197 0.12676415 0.11624505 0.07092102 0.13309188 0.04516724\n",
      " 0.10191808 0.15190239 0.07021787 0.12158035]\n",
      "[0.03406613 0.12258062 0.08925556 0.13977909 0.12614363 0.04625345\n",
      " 0.07418319 0.19993944 0.06866944 0.09912947]\n",
      "[0.12379878 0.04999848 0.10476422 0.1287818  0.13840923 0.10294674\n",
      " 0.04343995 0.12683863 0.09957852 0.08144363]\n",
      "[0.14165257 0.09543333 0.08149394 0.12613381 0.11071607 0.08283841\n",
      " 0.07368907 0.10365416 0.10936396 0.07502469]\n",
      "[0.11505184 0.09822727 0.10167955 0.14295856 0.06241335 0.12037478\n",
      " 0.08531859 0.09090548 0.12361298 0.0594576 ]\n",
      "[0.11037983 0.0873596  0.10735211 0.0794061  0.13924411 0.08254001\n",
      " 0.08692445 0.10472868 0.10616379 0.09590132]\n",
      "[0.08777381 0.2072746  0.12758003 0.04006633 0.05043576 0.11747629\n",
      " 0.07412688 0.13353786 0.07474151 0.08698694]\n",
      "[0.0803102  0.10915276 0.10807441 0.05941368 0.06855314 0.12500363\n",
      " 0.18855556 0.08613896 0.08849716 0.0863005 ]\n",
      "[0.12502168 0.08821568 0.07379868 0.15784944 0.11913928 0.11008368\n",
      " 0.05673726 0.09436403 0.11261091 0.06217936]\n",
      "[0.07726576 0.07523182 0.08987325 0.10363351 0.11173036 0.10327336\n",
      " 0.06909536 0.13738178 0.14891766 0.08359713]\n",
      "[0.12985996 0.07701416 0.07982844 0.08209672 0.0583305  0.12999311\n",
      " 0.12237826 0.04015903 0.18309155 0.09724828]\n",
      "[0.09894284 0.10351674 0.10550959 0.09244933 0.09186389 0.15098717\n",
      " 0.10023476 0.09193617 0.08362577 0.08093375]\n",
      "[0.08155945 0.09701496 0.1075946  0.08090555 0.09927703 0.13647638\n",
      " 0.0816709  0.13037649 0.10361805 0.08150659]\n",
      "[0.09877054 0.1018933  0.11743542 0.10345349 0.09083407 0.14803705\n",
      " 0.09959336 0.0969971  0.07517921 0.06780646]\n",
      "[0.10407113 0.10954982 0.09905287 0.12049999 0.11477904 0.07650554\n",
      " 0.03702105 0.20257633 0.06716976 0.06877447]\n",
      "[0.22984616 0.06983004 0.0552102  0.1475045  0.07277027 0.1004283\n",
      " 0.04814058 0.06874432 0.15252819 0.05499745]\n",
      "[0.07261891 0.08576459 0.05797834 0.10759905 0.16366509 0.08217559\n",
      " 0.19192348 0.07284181 0.08977947 0.07565367]\n",
      "[0.06230347 0.10676502 0.10574652 0.08867721 0.13487701 0.12281154\n",
      " 0.08276744 0.12648924 0.08269857 0.08686397]\n",
      "[0.10696012 0.0990166  0.12405701 0.08228274 0.06132509 0.14760642\n",
      " 0.06994357 0.09191769 0.10555564 0.11133512]\n",
      "[0.12974267 0.08476481 0.1075831  0.05273372 0.06732497 0.15455068\n",
      " 0.16522678 0.04281636 0.10464024 0.09061667]\n",
      "[0.10644422 0.08068141 0.09997352 0.13133721 0.10166221 0.0988964\n",
      " 0.05709644 0.12005061 0.09138522 0.11247276]\n",
      "[0.06524612 0.14149734 0.09412594 0.06345149 0.15035212 0.07503098\n",
      " 0.06113902 0.11869166 0.08832176 0.14214357]\n",
      "[0.13205048 0.08036849 0.0842982  0.10833748 0.22608453 0.06283472\n",
      " 0.07696148 0.07099634 0.08192502 0.07614326]\n",
      "[0.07102947 0.08548264 0.08565476 0.11462934 0.10920457 0.10883263\n",
      " 0.09828813 0.08231288 0.10136035 0.14320524]\n",
      "[0.13519086 0.08677232 0.09246067 0.09194765 0.08070392 0.05231411\n",
      " 0.15992098 0.08570777 0.12785065 0.08713107]\n",
      "[0.0873954  0.1189587  0.08903261 0.12248459 0.09462235 0.07473132\n",
      " 0.08931132 0.14250136 0.07872499 0.10223735]\n",
      "[0.11316874 0.1134577  0.12372602 0.11207195 0.0999398  0.10969654\n",
      " 0.07963543 0.07364074 0.09893567 0.07572742]\n",
      "[0.04606034 0.09849228 0.09495605 0.04225154 0.08604657 0.03926824\n",
      " 0.22690871 0.05233895 0.11014768 0.20352964]\n",
      "[0.11499858 0.07853258 0.10666781 0.15313073 0.07805122 0.07940754\n",
      " 0.07822428 0.09718957 0.11965783 0.09413986]\n",
      "[0.14114206 0.1209044  0.09323178 0.0530381  0.14704197 0.06793252\n",
      " 0.04460803 0.12937132 0.05970052 0.14302931]\n",
      "[0.0865298  0.06954627 0.11613178 0.09542185 0.10247263 0.05882023\n",
      " 0.12061996 0.08630081 0.10104362 0.16311306]\n",
      "[0.10770985 0.09923925 0.10309202 0.09002763 0.10008    0.07521422\n",
      " 0.09623461 0.09115272 0.13287843 0.10437128]\n",
      "[0.13821175 0.12423215 0.06223421 0.1003868  0.09573567 0.10461252\n",
      " 0.07305111 0.09161939 0.11940343 0.09051298]\n",
      "[0.11367306 0.12895544 0.05975563 0.07525466 0.1664291  0.0864089\n",
      " 0.0909438  0.11384814 0.07169905 0.09303222]\n",
      "[0.07089152 0.08003181 0.13303885 0.10540956 0.11338356 0.13119425\n",
      " 0.08177846 0.05665955 0.11390497 0.11370747]\n",
      "[0.04879661 0.1032838  0.10405241 0.09556405 0.07406957 0.06449175\n",
      " 0.09936318 0.08869713 0.19483823 0.12684327]\n",
      "[0.07039621 0.1235239  0.10152661 0.10661675 0.06188908 0.13415081\n",
      " 0.08667719 0.11395521 0.06865151 0.13261273]\n",
      "[0.13427051 0.06701211 0.08269344 0.17224511 0.16181517 0.06667743\n",
      " 0.03725722 0.1405534  0.0647588  0.07271681]\n",
      "[0.13174494 0.11363909 0.09023649 0.14277283 0.09092576 0.09008629\n",
      " 0.08304317 0.07148087 0.12622196 0.05984862]\n",
      "[0.1538232  0.11112109 0.07075259 0.10168602 0.07966836 0.07267464\n",
      " 0.11060225 0.06588243 0.16678665 0.06700278]\n",
      "[0.07901255 0.13723201 0.1043138  0.08233602 0.08614547 0.07554281\n",
      " 0.113408   0.09591433 0.10506771 0.12102729]\n",
      "[0.13302748 0.08609547 0.09758361 0.14137911 0.03822957 0.15819597\n",
      " 0.06196747 0.1082182  0.11145631 0.06384681]\n",
      "[0.09486745 0.10280329 0.12326939 0.10503816 0.11059001 0.12094337\n",
      " 0.08700983 0.10068773 0.07118586 0.0836049 ]\n",
      "[0.1521001  0.0726271  0.08471217 0.17925511 0.09290666 0.08820292\n",
      " 0.04547532 0.102312   0.11414548 0.06826314]\n",
      "[0.10304345 0.09933801 0.13520957 0.09778114 0.03198705 0.13995967\n",
      " 0.11138588 0.10366834 0.07375207 0.10387482]\n",
      "[0.08254224 0.13093398 0.10117795 0.05277176 0.09495389 0.05393174\n",
      " 0.15944234 0.09017878 0.10385607 0.13021125]\n",
      "[0.09574958 0.08876034 0.08934192 0.13795593 0.07781348 0.06670624\n",
      " 0.16402109 0.10861402 0.07925992 0.09177747]\n",
      "[0.08385338 0.07226274 0.08627053 0.17737267 0.13259134 0.09212725\n",
      " 0.09058227 0.12852451 0.06857205 0.06784326]\n",
      "[0.0911919  0.10258684 0.11465507 0.0651262  0.16790641 0.07204572\n",
      " 0.05030029 0.08190136 0.15000049 0.10428572]\n",
      "[0.10212791 0.10660214 0.12635561 0.11370921 0.08491502 0.1132169\n",
      " 0.10666206 0.08129844 0.09926716 0.06584555]\n",
      "[0.06134109 0.12977504 0.1059062  0.04825185 0.06599073 0.10133927\n",
      " 0.13373092 0.09106796 0.07309176 0.1895052 ]\n",
      "[0.08841288 0.0815373  0.0992498  0.11323189 0.14453632 0.08483355\n",
      " 0.08259314 0.13592378 0.08188399 0.08779735]\n",
      "[0.220003   0.04990917 0.11201188 0.10147313 0.07818756 0.11253724\n",
      " 0.05611906 0.10740961 0.10717004 0.0551793 ]\n",
      "[0.1202315  0.08448265 0.09426374 0.14781595 0.0929475  0.13123331\n",
      " 0.05119131 0.10803662 0.09955174 0.07024568]\n",
      "[0.12386761 0.09363591 0.10722868 0.15580132 0.08994092 0.1076683\n",
      " 0.05755032 0.13297233 0.07778525 0.05354936]\n",
      "[0.10534208 0.08921295 0.08468201 0.08284757 0.10031675 0.08666504\n",
      " 0.14250963 0.09952483 0.10599835 0.10290079]\n",
      "[0.09500386 0.08074647 0.09555992 0.13856175 0.06332469 0.10789344\n",
      " 0.05146643 0.08287634 0.23219324 0.05237385]\n",
      "[0.14145242 0.07785536 0.08442201 0.11089061 0.08577275 0.14085172\n",
      " 0.04880559 0.12498159 0.10593384 0.07903412]\n",
      "[0.13661205 0.11559282 0.08299766 0.12142825 0.1009946  0.11024677\n",
      " 0.05489992 0.13319898 0.09460381 0.04942514]\n",
      "[0.11832246 0.10504323 0.10028062 0.05977096 0.07933052 0.16726056\n",
      " 0.06886829 0.07934762 0.09544824 0.12632749]\n",
      "[0.05911254 0.12053213 0.10322677 0.05860352 0.16702716 0.049496\n",
      " 0.12928095 0.083532   0.07582416 0.15336478]\n",
      "[0.05588657 0.07426527 0.09185945 0.10994534 0.09941728 0.14934919\n",
      " 0.12071393 0.09435829 0.094715   0.10948968]\n",
      "[0.06771744 0.12841266 0.09571102 0.08100735 0.10412276 0.07362116\n",
      " 0.051858   0.14292093 0.08040402 0.17422467]\n",
      "[0.07584138 0.09891698 0.10772648 0.09227449 0.10793842 0.07951671\n",
      " 0.12876296 0.07173413 0.09913788 0.13815059]\n",
      "[0.11390543 0.03945519 0.10509681 0.14896623 0.07290158 0.24827789\n",
      " 0.0634774  0.05350269 0.09729465 0.05712212]\n",
      "[0.02348243 0.08314616 0.10576742 0.20086791 0.1731732  0.05282288\n",
      " 0.08248976 0.08915805 0.05826615 0.13082605]\n",
      "[0.03563008 0.09724699 0.10694375 0.04879564 0.14745849 0.05021985\n",
      " 0.16642098 0.13342899 0.04813235 0.16572289]\n",
      "[0.04672856 0.07565912 0.07693464 0.05911947 0.23432188 0.10220182\n",
      " 0.10723973 0.05943791 0.09754447 0.14081241]\n",
      "[0.13410427 0.08302034 0.08761597 0.13929463 0.14372005 0.07165885\n",
      " 0.09769653 0.08422932 0.1073302  0.05132984]\n",
      "[0.07361508 0.11253328 0.12307954 0.07309411 0.11933231 0.07347109\n",
      " 0.18698854 0.07594416 0.06234262 0.09959927]\n",
      "[0.11211985 0.08842578 0.07825815 0.12015518 0.1042767  0.12470974\n",
      " 0.07511974 0.1080448  0.1072907  0.08159936]\n",
      "[0.02947081 0.09398301 0.05620469 0.02599476 0.07438541 0.04886843\n",
      " 0.4036926  0.0582358  0.05450002 0.15466447]\n",
      "[0.06405149 0.07803339 0.14255174 0.09707135 0.15482777 0.05717131\n",
      " 0.06103088 0.13862101 0.09678323 0.10985781]\n",
      "[0.03973442 0.09454629 0.14133631 0.14227769 0.10685791 0.11606652\n",
      " 0.07179893 0.10728564 0.08843417 0.0916621 ]\n",
      "[0.08896479 0.11164141 0.09972417 0.08672304 0.08133454 0.07638155\n",
      " 0.1024183  0.13446321 0.07091903 0.14742995]\n",
      "[0.064649   0.11695395 0.12081503 0.05042306 0.11616826 0.09208365\n",
      " 0.10799642 0.09906663 0.09717338 0.13467062]\n",
      "[0.07465848 0.08570928 0.10060335 0.08552504 0.17093437 0.06942742\n",
      " 0.09622652 0.11616082 0.06016515 0.14058956]\n",
      "[0.07461369 0.11931015 0.12009087 0.14561205 0.12040757 0.09766359\n",
      " 0.06833665 0.09565829 0.06526883 0.09303832]\n",
      "[0.09527407 0.11446098 0.08755409 0.08689471 0.07738045 0.12335734\n",
      " 0.13795001 0.11235397 0.0810343  0.08374007]\n",
      "[0.14655352 0.09411695 0.09260543 0.14107727 0.05498132 0.11437954\n",
      " 0.0644951  0.0770177  0.14712108 0.0676521 ]\n",
      "[0.14671088 0.11475926 0.07096117 0.11528398 0.0817127  0.1177637\n",
      " 0.04737801 0.10616157 0.13098854 0.06828018]\n",
      "[0.07532371 0.08416482 0.10717649 0.10353671 0.10861975 0.0490489\n",
      " 0.09612562 0.1558266  0.11694467 0.10323274]\n",
      "[0.11134618 0.08476097 0.07740068 0.05774002 0.09463579 0.08535345\n",
      " 0.22601454 0.07140396 0.08616317 0.10518124]\n",
      "[0.07719962 0.11617328 0.07057937 0.0951411  0.13688264 0.13239833\n",
      " 0.05995722 0.1330719  0.05615762 0.12243892]\n",
      "[0.06139094 0.08322059 0.08447696 0.05308495 0.13859313 0.06087123\n",
      " 0.22917801 0.08866794 0.05810234 0.14241391]\n",
      "[0.07380337 0.05798247 0.05992688 0.04823299 0.06672485 0.06051172\n",
      " 0.32756458 0.09993366 0.11773004 0.08758944]\n",
      "[0.06142552 0.10622496 0.11791121 0.09747598 0.11029079 0.10562508\n",
      " 0.08553963 0.12490269 0.10375081 0.08685333]\n",
      "[0.03096402 0.10296143 0.1943516  0.04356559 0.06518289 0.06081096\n",
      " 0.12004632 0.0777383  0.10766935 0.19670955]\n",
      "[0.09423791 0.08738216 0.07644336 0.12211563 0.2497205  0.04576801\n",
      " 0.05526118 0.08982762 0.09764213 0.0816015 ]\n",
      "[0.04263169 0.08960671 0.08444636 0.04004331 0.11669679 0.05720465\n",
      " 0.3205642  0.07028772 0.0522185  0.12630006]\n",
      "[0.04422244 0.10883043 0.0881037  0.05738476 0.12170874 0.0411\n",
      " 0.27089248 0.09833545 0.05959945 0.10982255]\n",
      "[0.11919727 0.11457793 0.0919316  0.07638246 0.08198437 0.14102158\n",
      " 0.05085136 0.06663775 0.11426367 0.14315201]\n",
      "[0.09578521 0.08518957 0.11413507 0.1465377  0.09811685 0.10778956\n",
      " 0.10379272 0.0880936  0.10219399 0.05836572]\n",
      "[0.12300678 0.12062327 0.10959193 0.15456975 0.11357188 0.05918711\n",
      " 0.03118291 0.10497724 0.12276936 0.06051977]\n",
      "[0.06383153 0.10326358 0.15562956 0.04757981 0.0810624  0.09349783\n",
      " 0.12582921 0.06017111 0.18171011 0.08742487]\n",
      "[0.09566254 0.07700361 0.09947365 0.12489303 0.12418285 0.11931625\n",
      " 0.05876514 0.07915873 0.13437072 0.08717349]\n",
      "[0.06662737 0.11730491 0.08221724 0.02625672 0.0686396  0.11250061\n",
      " 0.27120374 0.0442301  0.07522976 0.13578995]\n",
      "[0.05887884 0.12552294 0.1300984  0.04471706 0.05582765 0.07781939\n",
      " 0.17209659 0.06857812 0.08027806 0.18618296]\n",
      "[0.1345015  0.10290048 0.04371743 0.10217017 0.17100749 0.1021214\n",
      " 0.08556008 0.0862774  0.09156118 0.08018287]\n",
      "[0.16622776 0.08021443 0.09882647 0.12708159 0.07362634 0.14315678\n",
      " 0.05574816 0.06380233 0.13846235 0.05285379]\n",
      "[0.08232785 0.14667654 0.08840818 0.06525674 0.10230929 0.0714564\n",
      " 0.12995379 0.12846273 0.09550217 0.0896463 ]\n",
      "[0.07945885 0.11191226 0.09708451 0.10846555 0.13527067 0.09608778\n",
      " 0.11345064 0.1029042  0.07789682 0.07746873]\n",
      "[0.05310405 0.0926698  0.13210596 0.08535948 0.08193257 0.10290312\n",
      " 0.14482187 0.07989194 0.06621345 0.16099776]\n",
      "[0.07030841 0.0740202  0.07336716 0.05192344 0.2206815  0.09099959\n",
      " 0.07068259 0.18776302 0.05253614 0.10771795]\n",
      "[0.03658007 0.10127308 0.15451036 0.03713425 0.05581748 0.09867554\n",
      " 0.15187726 0.04987    0.10918596 0.20507602]\n",
      "[0.13960527 0.08363233 0.09430823 0.11960573 0.11224786 0.08801883\n",
      " 0.04312794 0.11451064 0.12518412 0.07975906]\n",
      "[0.10259249 0.08891662 0.09605821 0.0970666  0.09512266 0.12026425\n",
      " 0.07938018 0.11679987 0.10623149 0.09756763]\n",
      "[0.08796923 0.09655032 0.10626355 0.07677435 0.19054248 0.08150685\n",
      " 0.0496347  0.13345622 0.08166693 0.09563537]\n",
      "[0.11974599 0.08324785 0.06211805 0.11765489 0.09592272 0.09773255\n",
      " 0.16305645 0.08084447 0.08858063 0.09109638]\n",
      "[0.05134624 0.1355981  0.12166144 0.09583899 0.15759624 0.05820978\n",
      " 0.05381948 0.10966913 0.08142537 0.13483524]\n",
      "[0.10021886 0.11108471 0.10776531 0.12277773 0.10172506 0.11681777\n",
      " 0.05339638 0.08961933 0.10355191 0.09304293]\n",
      "[0.14142618 0.07162136 0.06726992 0.17064245 0.06532543 0.09699262\n",
      " 0.06370329 0.10148879 0.11374724 0.10778274]\n",
      "[0.13352658 0.10430947 0.0823891  0.13961941 0.10558537 0.08623797\n",
      " 0.06432924 0.08312262 0.10595936 0.09492088]\n",
      "[0.08126824 0.11441303 0.10453441 0.05769501 0.06223466 0.18814507\n",
      " 0.11695048 0.05631209 0.12996198 0.08848502]\n",
      "[0.09721217 0.1059007  0.06015778 0.1970869  0.12434642 0.0801593\n",
      " 0.12364937 0.05572917 0.07752833 0.07822986]\n",
      "[0.11023811 0.11884448 0.09548271 0.04145981 0.05092028 0.14782089\n",
      " 0.13863119 0.0516226  0.13809903 0.1068809 ]\n",
      "[0.12253665 0.11953038 0.08310093 0.09845454 0.09945856 0.08230419\n",
      " 0.1184051  0.10620401 0.08830227 0.08170336]\n",
      "[0.09599543 0.09558857 0.09577785 0.11014031 0.11605159 0.09436636\n",
      " 0.11744467 0.09062251 0.09603037 0.08798235]\n",
      "[0.08104418 0.08397445 0.08342917 0.08481912 0.19952063 0.07799924\n",
      " 0.08366135 0.14771111 0.07221474 0.08562601]\n",
      "[0.11448194 0.08902488 0.08970034 0.12665149 0.08587844 0.17567288\n",
      " 0.07567639 0.1010495  0.07302644 0.0688377 ]\n",
      "[0.05635132 0.1094748  0.09535338 0.05754001 0.14098825 0.03810177\n",
      " 0.17169171 0.0883622  0.08008296 0.1620536 ]\n",
      "[0.13355258 0.07943019 0.12791707 0.12301892 0.08061893 0.112229\n",
      " 0.06886913 0.10519232 0.08145233 0.08771953]\n",
      "[0.09828711 0.19599644 0.13853529 0.03987114 0.0894429  0.09796951\n",
      " 0.11275541 0.08385492 0.07775455 0.06553274]\n",
      "[0.10215372 0.06920525 0.11934037 0.09609425 0.07207349 0.14369927\n",
      " 0.08723167 0.07576117 0.14363957 0.09080125]\n",
      "[0.06760359 0.08697181 0.07951735 0.09916122 0.11793285 0.08728257\n",
      " 0.13041917 0.08941907 0.14218829 0.09950407]\n",
      "[0.20442363 0.09740277 0.09266011 0.06099682 0.06313767 0.07808645\n",
      " 0.19865208 0.05354247 0.07840542 0.07269256]\n",
      "[0.0921244  0.10941181 0.06324691 0.10321298 0.12674968 0.0808422\n",
      " 0.14067157 0.10739463 0.08110817 0.09523764]\n",
      "[0.11865825 0.08228777 0.08838199 0.10406461 0.0626634  0.16058362\n",
      " 0.10712185 0.06846982 0.11644057 0.09132811]\n",
      "[0.14799497 0.09164636 0.08156504 0.10019013 0.1134604  0.11727069\n",
      " 0.09584999 0.08796598 0.10351352 0.06054291]\n",
      "[0.12576834 0.08784894 0.07611213 0.1571643  0.11114873 0.06420974\n",
      " 0.06648875 0.12699394 0.10112807 0.08313708]\n",
      "[0.17708699 0.07537698 0.09532961 0.18669324 0.10236779 0.05699388\n",
      " 0.07306122 0.10317716 0.07235686 0.05755628]\n",
      "[0.10759157 0.08877818 0.11081174 0.16362351 0.06084917 0.13296123\n",
      " 0.07110214 0.11634167 0.06386076 0.08408003]\n",
      "[0.07867098 0.08202533 0.09768971 0.0898334  0.11446549 0.05695528\n",
      " 0.14844818 0.09086183 0.12547538 0.11557441]\n",
      "[0.08282324 0.07760919 0.10937173 0.04778526 0.12273265 0.05892322\n",
      " 0.19132174 0.13656937 0.10456121 0.06830238]\n",
      "[0.18827594 0.07898519 0.05886025 0.12667042 0.12538294 0.1057311\n",
      " 0.09417987 0.07116423 0.0855953  0.06515476]\n",
      "[0.04857833 0.06639309 0.10644041 0.06826111 0.16228739 0.0773269\n",
      " 0.14543288 0.16248206 0.05687422 0.1059236 ]\n",
      "[0.07999331 0.12777262 0.13148925 0.13009223 0.07180535 0.13026612\n",
      " 0.06859743 0.10848031 0.07980187 0.07170151]\n",
      "[0.05824945 0.10232187 0.07514475 0.05313863 0.16248966 0.06884375\n",
      " 0.10579077 0.11497132 0.07395269 0.18509711]\n",
      "[0.20568504 0.07803804 0.08689341 0.11846901 0.04219715 0.14449575\n",
      " 0.07472753 0.03447962 0.15834812 0.05666635]\n",
      "[0.11435269 0.0959561  0.16049798 0.04896524 0.07478137 0.09453611\n",
      " 0.10973388 0.07595214 0.14449082 0.08073366]\n",
      "[0.07601525 0.10298721 0.10082843 0.08202717 0.09407746 0.0698995\n",
      " 0.09491998 0.07563675 0.10875661 0.19485163]\n",
      "[0.1118126  0.0884852  0.10808055 0.10968244 0.10650032 0.11168856\n",
      " 0.05877515 0.14979147 0.09429992 0.0608838 ]\n",
      "[0.06764168 0.10519109 0.12321253 0.06726982 0.12701649 0.05617079\n",
      " 0.11070199 0.1391318  0.08834716 0.11531664]\n",
      "[0.18166091 0.06504893 0.05022373 0.20755635 0.09722193 0.06744897\n",
      " 0.10057227 0.04624662 0.13409661 0.04992368]\n",
      "[0.14312568 0.07175582 0.10386824 0.09630222 0.03551249 0.12950786\n",
      " 0.09114541 0.12536758 0.10934949 0.0940652 ]\n",
      "[0.09439765 0.10715806 0.09225944 0.07230251 0.0984842  0.11473634\n",
      " 0.12936898 0.10275986 0.0770371  0.11149585]\n",
      "[0.09225697 0.10459398 0.0987642  0.10323571 0.14674778 0.06852913\n",
      " 0.14228592 0.06059522 0.08207924 0.10091184]\n",
      "[0.07423392 0.11912837 0.10474801 0.05308757 0.10582934 0.09513053\n",
      " 0.15829861 0.06456782 0.10142273 0.1235531 ]\n",
      "[0.15308668 0.07279203 0.0874165  0.14018502 0.11052199 0.0601674\n",
      " 0.09721706 0.08852628 0.07382524 0.1162618 ]\n",
      "[0.13950233 0.11719943 0.06313081 0.11989299 0.07937782 0.1398764\n",
      " 0.10282057 0.09273032 0.09648156 0.04898777]\n",
      "[0.08765189 0.09331246 0.08922267 0.14753452 0.09419238 0.1866794\n",
      " 0.0234717  0.13948396 0.05154831 0.08690271]\n",
      "[0.08110122 0.12523564 0.07076065 0.07685373 0.07725162 0.06129132\n",
      " 0.22975965 0.08786233 0.06852642 0.12135743]\n",
      "[0.11750675 0.07176248 0.07693191 0.16014558 0.12365603 0.09413094\n",
      " 0.10027564 0.0563857  0.08961411 0.10959085]\n",
      "[0.12560463 0.08654795 0.09489794 0.11173452 0.07481312 0.10682729\n",
      " 0.08610807 0.09281427 0.10736673 0.11328549]\n",
      "[0.14618973 0.08889903 0.0763875  0.11244362 0.09865431 0.09080346\n",
      " 0.09549441 0.10961661 0.11612123 0.0653901 ]\n",
      "[0.0932631  0.09843255 0.09495702 0.05561391 0.05790795 0.15183053\n",
      " 0.20598369 0.06388795 0.08361399 0.09450931]\n",
      "[0.06125142 0.08174022 0.1651255  0.13067388 0.09965249 0.0545854\n",
      " 0.09423621 0.15910747 0.06000248 0.09362493]\n",
      "[0.13723546 0.12510519 0.11233742 0.05496016 0.09635826 0.15528107\n",
      " 0.08071186 0.06589128 0.12517939 0.04693992]\n",
      "[0.10961054 0.09334697 0.09526919 0.08392013 0.092386   0.13448114\n",
      " 0.0852876  0.09707508 0.11653384 0.09208952]\n",
      "[0.0974477  0.09779207 0.12598461 0.18847038 0.06349497 0.11143112\n",
      " 0.0529354  0.08308922 0.10418147 0.07517306]\n",
      "[0.09608843 0.06156542 0.0684506  0.2254702  0.12381002 0.07093506\n",
      " 0.14270984 0.09908247 0.07370834 0.03817962]\n",
      "[0.21327114 0.07819796 0.0459324  0.12882061 0.11487298 0.05936831\n",
      " 0.04635708 0.07284987 0.17060881 0.06972084]\n",
      "[0.15828702 0.08592829 0.08424274 0.1289675  0.07153852 0.10162747\n",
      " 0.07603055 0.08865794 0.14875304 0.05596693]\n",
      "[0.10581074 0.10797524 0.12209852 0.09615624 0.09810365 0.11259115\n",
      " 0.06719616 0.11615133 0.07671977 0.0971972 ]\n",
      "[0.1593038  0.08697063 0.08681035 0.14948418 0.03326697 0.09066005\n",
